3.142321
3.914693
3.542070
3.276897
3.110261
3.686627
3.027804
2.969827
3.281358
2.504581
3.005802
3.831208
3.879374
3.451149
3.428728
3.434017
4.258842
3.849732
3.811018
3.312698
2.673469
3.095203
3.768215
3.125864
3.325613
3.475436
3.421991
3.059157
3.205057
2.877495
2.908440
3.636398
3.820458
3.449371
1.929114
2.903703
2.817624
3.046597
3.212206
3.698530
3.379514
2.931475
4.175145
4.133273
3.785867
3.574502
3.577687
3.681805
3.443074
3.321057
3.320028
3.238056
4.620642
3.446132
3.702472
3.403850
3.632959
3.837433
4.303729
4.033298
3.325886
4.601503
5.109033
4.326503
3.721661
3.248005
2.720135
3.857934
2.597514
3.824838
3.548776
2.918619
3.541576
3.777077
3.057363
3.092647
3.087239
3.065195
3.183607
3.129432
3.194697
3.262458
3.385226
3.351254
3.378268
3.321049
3.619895
3.472267
3.489044
3.204899
3.341954
3.165332
3.207255
3.452448
3.405495
3.350224
3.136432
2.936934
3.099563
3.394804
2.907378
2.988668
2.982914
2.794537
2.768876
2.829037
2.704118
2.654499
2.523801
2.493129
3.473563
3.393000
3.510991
3.339365
3.529793
3.694405
3.715076
3.866423
3.794179
3.563965
2.935556
1.868928
3.285078
3.733458
3.522823
3.995005
3.520583
3.101751
3.428898
3.229327
2.841878
2.655927
2.974543
2.963497
2.837008
2.711354
2.455439
2.501208
2.705711
2.850767
2.991664
3.120302
3.202261
3.208275
3.562253
3.707941
3.361010
3.452673
3.446728
3.989596
3.104680
3.696579
3.798107
3.357614
2.584573
3.240138
3.717030
2.798912
3.213762
1.379705
1.676353
1.867033
3.852850
3.961922
3.700942
5.002918
4.397567
4.788085
4.041828
3.710123
3.811990
3.460529
3.557904
3.271262
3.737974
3.734266
3.763854
3.571325
3.406336
3.473284
3.520915
3.423912
3.310340
3.657403
3.575551
3.344943
3.183085
3.425975
3.627373
3.553270
3.316944
3.460193
3.424297
3.862246
3.333877
3.499607
3.817028
4.306757
4.804013
3.409059
3.438398
3.408476
3.584737
3.817092
3.593014
3.554668
3.848738
3.850509
4.666567
3.635411
4.034265
4.729746
3.722174
3.596119
3.588919
3.653012
3.692501
3.783772
3.991485
3.936627
4.524995
3.676408
4.097299
4.325133
4.144383
4.022929
4.233369
3.731346
3.840819
4.035860
3.463960
4.154882
5.017383
4.717279
4.926022
4.753615
4.461860
4.360817
4.187637
3.971755
4.796846
4.138674
4.131326
3.301736
3.461849
3.248767
3.168521
3.103205
2.994411
2.761697
2.762498
3.616963
3.780304
3.511695
3.789807
2.589810
3.456364
3.586554
2.642220
3.675330
2.819670
3.251983
3.267455
3.651444
3.590232
3.917218
2.579823
3.458997
4.011458
2.854677
3.894056
3.845263
3.481065
3.722069
3.715985
3.664346
3.764867
3.148847
3.275859
3.189213
3.204492
3.126591
3.017347
2.994323
3.382480
3.450172
3.291553
3.028146
3.035857
3.065952
3.480114
3.107678
3.049576
3.040372
3.080763
3.121666
3.137802
3.109814
3.171691
3.121620
3.203942
3.282395
3.322398
3.103065
3.095973
3.174739
3.348429
3.396010
3.346448
3.269011
3.134263
3.373556
3.420642
3.304978
3.204390
3.351837
3.212832
3.295205
3.266028
3.211309
3.139161
3.404699
3.391295
3.415173
3.336220
3.443971
3.203428
3.528460
3.485797
3.624174
3.597750
3.503497
3.369259
3.488962
3.121255
3.616704
3.199908
3.514061
3.575607
3.269999
3.301646
3.308695
2.929947
3.059909
2.770507
2.658333
2.964008
2.801282
3.272656
3.336105
3.258775
3.376588
3.265163
3.489528
3.673376
3.733335
3.465414
3.468324
3.115401
3.547008
3.307751
3.304689
3.245522
3.268787
3.343167
3.408017
3.086734
2.296733
3.150561
3.214446
3.175003
3.360086
3.158361
3.417011
3.254393
3.146842
3.412715
3.272880
3.009266
3.138850
3.272977
3.035191
3.317873
3.141604
2.949811
2.839037
2.979207
3.144273
2.852955
2.806983
2.991077
3.072021
2.057045
2.395726
2.891826
2.684081
2.250119
2.603588
3.062052
2.881010
2.827133
2.998349
2.987628
2.689975
2.523438
2.513766
2.848681
2.635502
2.826772
2.879185
2.850764
2.523565
2.579753
2.738356
2.369674
2.593607
2.995351
2.982472
3.269126
3.226838
3.483112
3.357753
3.346231
3.522849
3.469760
3.422525
3.667372
2.988127
2.931185
3.023561
3.486136
3.545819
3.611379
3.388984
3.001566
3.471230
3.590600
3.090992
3.386248
3.541517
3.327485
3.624364
3.429075
3.422826
3.813721
3.782771
3.795421
3.595602
3.694298
3.860969
3.792742
3.884529
3.914430
3.818119
3.851271
3.881714
3.884045
3.706073
3.788439
3.775744
3.726758
3.341400
2.773594
2.390855
3.506071
3.024031
2.392326
2.311499
1.793669
3.726557
3.729451
3.374507
3.615701
3.483668
3.280448
3.436149
3.055122
2.817481
3.604408
3.580869
3.582984
3.452959
2.233476
3.565904
3.790781
4.123926
3.982418
4.336337
3.404682
3.599004
3.521145
3.288457
3.246603
3.132119
3.116791
3.122658
3.443257
3.039485
2.810279
3.225962
3.082186
3.016905
3.334184
2.851996
2.709775
2.844932
2.694854
2.673151
2.778425
2.733281
3.262749
3.454549
2.858544
2.984410
2.960050
2.958814
2.607493
2.654419
2.694041
2.913485
2.693505
2.748957
2.867830
2.841374
2.798511
3.016551
2.792479
2.688006
2.610960
2.542629
2.873175
2.578253
2.296805
2.458694
2.647372
2.817547
2.694842
2.937222
2.832883
2.730280
2.951065
3.000802
3.206831
2.962729
2.895498
2.987358
3.178717
3.316673
3.020573
3.191137
2.930522
3.181464
3.232433
3.123417
3.239356
3.028978
3.079097
3.163624
3.872032
3.309592
3.864295
3.630254
3.447918
3.300172
3.654620
3.570656
3.345791
3.525451
3.155912
3.149913
3.311223
3.355508
3.665261
3.577079
3.550138
3.461452
3.311710
3.600125
3.323910
3.403554
4.139952
4.038148
4.021254
3.985642
3.991505
3.766724
3.971635
2.621369
3.055151
3.654306
3.563984
3.526067
3.911096
3.925002
3.803649
3.565753
3.515154
3.697307
3.343695
3.458056
3.299169
3.156922
2.371800
2.801119
2.777278
3.108295
2.975531
3.260513
3.331377
3.384805
3.227016
3.287884
3.821264
3.139220
2.567614
2.611542
3.039250
3.193885
3.063320
2.765744
3.081335
3.409430
3.271275
3.185097
1.707324
1.801554
1.744079
1.753038
2.004445
1.919911
1.986723
1.944845
1.680479
1.610388
1.549941
2.486864
1.594832
1.557683
1.708061
3.161871
2.377454
3.907467
3.674105
3.777522
3.636550
3.973685
4.052252
3.896107
3.826783
3.888760
3.760873
4.698219
5.018894
4.590035
4.653792
4.166986
4.872325
4.764325
4.314311
4.454535
4.055750
3.917037
4.315387
4.404940
4.101649
3.895685
3.814910
3.869257
3.891949
3.784956
3.587804
3.714852
3.514712
3.349698
3.440599
3.470335
3.552655
3.407697
3.373626
3.598341
3.375129
3.660682
3.765951
3.677804
3.786927
3.812916
3.801988
3.788915
3.638835
3.728343
3.699699
3.688569
3.672891
3.708117
3.649170
3.489941
3.519102
3.510294
3.554207
3.497487
3.430033
3.508337
3.589396
3.403582
3.652806
3.652138
3.528855
3.446781